2405732967510
4229900489568
9409030577027
3721412154731
6918723386753
3648140326802
1859151225200
7371760140674
9196575689907
6562128761606
8970572025877
7290351779122
6820808725493
6811253340792
6189616939638
9225270610482
5632303688172
2314370726265
7584319001606
6888275148360
3618078831910
8672750942899
3198178308465
8023881583973
5203995230419
1574001983025
7278675615709
3906394416433
5928613161884
3388195578519
5303454922264
2624374846595
4070729149120
4733048162123
1459518397024
1915886926790
5566918528974
8820093327401
6555399633081
3071886814860
7872545199598
4915887392358
5219420368284
4251221733174
3876584903840
7683270611456
3912402349577
2815358621474
9444691074664
6542487062370
1872205510852
1270424079916
5778762622364
5896810339657
2782551310299
2891596308815
3778124040219
8804787968815
8968856342660
7620894018898
5794588789211
6035706930765
8598587495956
9745546005091
5429228696043
7430338838409
5156463462230
8058166537800
9792604377564
6797571811768
6211087719098
7577075351935
4786201168598
6585924834220
9742121755071
9500943461274
1653503177448
7617092651539
6257989296769
1823188449163
2164583654120
3002116741840
9234404155654
5920507447404
3123119031553
4638363760160
3854874653553
6715270904636
7028653517289
7400948852174
9384516661901
2269896671201
9588468931371
8438668982052
4710613340618
6422521248994
7254861275321
8578955992295
5275580778245
4480006123253